1160.3859692215765 217.20216756496148
1137.9269002909302 4030.6748622578775
3450.5735493585944 1962.0517806423616
3244.6433605162456 1892.7332758433392
1611.8420869268527 1671.1090237481296
1598.2827269344664 4020.989055388624
332.0422663867481 407.0518195358039
1337.1329459868134 3917.8167793837197
1179.464140519927 3542.675076139475
690.7746970109043 3652.732119035021
22.085708902178496 177.2219206067563
1311.5783449798414 3355.8932160477984
3004.717299075332 2076.898167491962
3785.3910335718438 1266.7234357711013
1006.1044467235614 2943.479689891115
2256.1569926239877 3916.667600353356
1931.1768880199377 3347.453804663129
784.9801242003639 3106.3824525525943
1040.4638424215732 1586.3981695914247
4014.7341456190784 2568.3388923662274
1574.7891825697768 2555.0721884156096
2486.832631032384 1849.74379367394
841.5423953436776 3697.0110220995703
1184.822337665761 3996.0944892176785
1452.6485823105108 953.1041198829936
3921.9839121518075 3814.9358403590545
2269.424508541666 3999.0099922526074
1640.554571378943 1604.9996801471261
1168.6047093363538 211.2505497246992
1810.5288960739774 3587.9990956612282
1311.4888736145388 3729.583633538918
945.5696325186075 885.6527800666254
1422.149391422759 2551.3559209063314
3867.016042659404 3025.138793321366
2418.8470771229654 1907.0241167625202
3324.35349037467 1643.731606996472
3152.317840329477 2079.499679920678
2108.041454487087 1628.259232988731
2061.0618319894925 3996.1194697493124
3181.067101838531 3635.7136560883496
47.131118881325975 618.3930705942832
3274.695309586545 2473.8023722546277
2662.3327225368594 664.7408283772164
4030.715489601216 295.1027192457865
844.7909901974691 1055.289358154536
1112.7023088447563 1221.6158063105083
2605.3306123339285 119.03261540264316
2659.5793047498582 1334.2214646532034
3871.8740238194655 3498.330427099727
2139.604862592861 1701.315302021559
1998.768621226391 177.18604849676964
2896.2592785593392 3081.001679969954
2095.589240296942 3483.9441987748555
9.167418557212384 585.8704632842108
2901.289329782294 3085.823049391632
3561.446294270825 3393.612908464744
3654.844181905477 1338.3926988691508
845.9850142710393 3645.5225868378852
364.76380954448655 1871.2325353583062
369.2365369267484 3638.7397720578037
2121.4494073403202 1940.750339157102
1160.058493977868 3262.3335568521225
719.6689927818458 2199.3842750181693
3823.105389302934 1667.5381239343214
2443.1800058593935 3901.26037139651
663.4366920461496 2375.2873216710263
1388.372848947328 3080.8334985360407
221.06322453774092 3511.1664343683215
272.23797712437715 3195.834472923787
2372.7053964471465 3654.8370629099863
3191.6996313327386 680.8660328298008
3153.3370800399593 2074.88489444928
2876.179942324653 460.5340024653973
358.47672576185215 3972.416475722724
435.4643999023795 1007.9584535187672
411.3934079041247 3258.254765090559
2689.9596663410907 975.9076395003129
2960.348949871625 2598.0790935451355
475.6831647073419 1743.5609814942472
693.9129066471454 1757.0279457984925
2174.9441739847566 2462.5508352112734
1443.0932973752383 26.92739201129745
4077.4316816807736 3511.101847522104
3544.0854786198265 3507.969849436957
573.795238932752 3481.0502618516834
3976.8672323464425 3468.087413975963
3659.1283180273294 1339.9588527887342
2889.8612405917384 3075.558488490675
121.47087682197679 46.116241500008904
48.01317902749106 904.5475813624756
289.46172572626216 2579.056840660481
463.40229671545063 2531.02165421545
729.0304596792508 3154.4333925894766
1638.0652697951928 3706.8599538535445
635.1478037510637 1558.8524419840332
1728.9541569681026 2570.988656999891
2794.0255522824277 2586.1768496443046
2361.1350585406426 3588.6781029095287
2225.173565586921 2087.4430520786295
770.3114393910655 2879.0407877195257
